   2.000 141500.    -0.476  -0.000   0.000  25.000  36.000  1024.101   -0.00000        0.00000       -0.00000        0.00000    
   2.000 141500.    -1.418  -0.000   0.000  25.000  36.000  1024.105   -0.00000        0.00000       -0.00000        0.00000    
   2.000 141500.    -2.965  -0.000   0.000  25.000  36.000  1024.112   -0.00000        0.00000       -0.00000        0.00000    
   2.000 141500.    -5.099  -0.000   0.000  25.000  36.000  1024.121   -0.00000        0.00000       -0.00000        0.00000    
   2.000 141500.    -7.800  -0.000   0.000  25.000  36.000  1024.132   -0.00000        0.00000       -0.00000        0.00000    
   2.000 141500.   -11.047  -0.000   0.000  25.000  36.000  1024.146   -0.00000        0.00000       -0.00000        0.00000    
   2.000 141500.   -14.820  -0.000   0.000  25.000  36.000  1024.162   -0.00000        0.00000       -0.00000        0.00000    
   2.000 141500.   -19.100  -0.000   0.000  25.000  36.000  1024.180   -0.00000        0.00000       -0.00000        0.00000    
   2.000 141500.   -23.867  -0.000   0.000  25.000  36.000  1024.201   -0.00000        0.00000       -0.00000        0.00000    
   2.000 141500.   -29.100  -0.000   0.000  25.000  36.000  1024.223   -0.00000        0.00000       -0.00000        0.00000    
   2.000 141500.   -34.780  -0.000   0.000  25.000  36.000  1024.247   -0.00000        0.00000       -0.00000        0.00000    
   2.000 141500.   -40.886  -0.000   0.000  25.000  36.000  1024.273   -0.00000        0.00000       -0.00000        0.00000    
   2.000 141500.   -47.399  -0.000   0.000  25.000  36.000  1024.301   -0.00000        0.00000       -0.00000        0.00000    
   2.000 141500.   -54.299  -0.000   0.000  25.000  36.000  1024.330   -0.00000        0.00000       -0.00000        0.00000    
   2.000 141500.   -61.565  -0.000   0.000  25.000  36.000  1024.361   -0.00000        0.00000       -0.00000        0.00000    
   2.000 141500.   -69.178  -0.000   0.000  25.000  36.000  1024.394   -0.00000        0.00000       -0.00000        0.00000    
   2.000 141500.   -77.117  -0.000   0.000  25.000  36.000  1024.427   -0.00000        0.00000       -0.00000        0.00000    
   2.000 141500.   -85.364  -0.000   0.000  25.000  36.000  1024.462   -0.00000        0.00000       -0.00000        0.00000    
   2.000 141500.   -93.897  -0.000   0.000  25.000  36.000  1024.499   -0.00000        0.00000       -0.00000        0.00000    
   2.000 141500.  -102.697  -0.000   0.000  25.000  36.000  1024.536   -0.00000        0.00000       -0.00000        0.00000    
   2.000 141500.  -111.743  -0.000   0.000  25.000  36.000  1024.574   -0.00000        0.00000       -0.00000        0.00000    
   2.000 141500.  -121.017  -0.000   0.000  25.000  36.000  1024.614   -0.00000        0.00000       -0.00000        0.00000    
   2.000 141500.  -130.497  -0.000   0.000  25.000  36.000  1024.654   -0.00000        0.00000       -0.00000        0.00000    
   2.000 141500.  -140.164  -0.000   0.000  25.000  36.000  1024.695   -0.00000        0.00000       -0.00000        0.00000    
   2.000 141500.  -150.633  -0.000   0.000  25.000  36.000  1024.740   -0.00000        0.00000       -0.00000        0.00000    
   2.000 141500.  -163.756  -0.000   0.000  25.000  36.000  1024.795   -0.00000        0.00000       -0.00000        0.00000    
   2.000 141500.  -181.304  -0.000   0.000  25.000  36.000  1024.870   -0.00000        0.00000       -0.00000        0.00000    
   2.000 141500.  -203.719  -0.000   0.000  25.000  36.000  1024.965   -0.00000        0.00000       -0.00000        0.00000    
   2.000 141500.  -230.787  -0.000   0.000  25.000  36.000  1025.080   -0.00000        0.00000       -0.00000        0.00000    
   2.000 141500.  -262.297  -0.000   0.000  25.000  36.000  1025.213   -0.00000        0.00000       -0.00000        0.00000    
   2.000 141500.  -298.038  -0.000   0.000  25.000  36.000  1025.365   -0.00000        0.00000       -0.00000        0.00000    
   2.000 141500.  -337.798  -0.000   0.000  25.000  36.000  1025.533   -0.00000        0.00000       -0.00000        0.00000    
   2.000 141500.  -381.366  -0.000   0.000  25.000  36.000  1025.717   -0.00000        0.00000       -0.00000        0.00000    
   2.000 141500.  -428.530  -0.000   0.000  25.000  36.000  1025.916   -0.00000        0.00000       -0.00000        0.00000    
   2.000 141500.  -479.079  -0.000   0.000  25.000  36.000  1026.129   -0.00000        0.00000       -0.00000        0.00000    
   2.000 141500.  -532.800  -0.000   0.000  25.000  36.000  1026.356   -0.00000        0.00000       -0.00000        0.00000    
   2.000 141500.  -589.484  -0.000   0.000  25.000  36.000  1026.594   -0.00000        0.00000       -0.00000        0.00000    
   2.000 141500.  -648.917  -0.000   0.000  25.000  36.000  1026.844   -0.00000        0.00000       -0.00000        0.00000    
   2.000 141500.  -710.889  -0.000   0.000  25.000  36.000  1027.104   -0.00000        0.00000       -0.00000        0.00000    
   2.000 141500.  -775.187  -0.000   0.000  25.000  36.000  1027.374   -0.00000        0.00000       -0.00000        0.00000    
   2.000 141500.  -841.601  -0.000   0.000  25.000  36.000  1027.652   -0.00000        0.00000       -0.00000        0.00000    
   2.000 141500.  -909.919  -0.000   0.000  25.000  36.000  1027.937   -0.00000        0.00000       -0.00000        0.00000    
   2.000 141500.  -979.929  -0.000   0.000  25.000  36.000  1028.229   -0.00000        0.00000       -0.00000        0.00000    
   2.000 141500. -1051.420  -0.000   0.000  25.000  36.000  1028.527   -0.00000        0.00000       -0.00000        0.00000    
   2.000 141500. -1124.180  -0.000   0.000  25.000  36.000  1028.830   -0.00000        0.00000       -0.00000        0.00000    
   2.000 141500. -1197.998  -0.000   0.000  25.000  36.000  1029.137   -0.00000        0.00000       -0.00000        0.00000    
   2.000 141500. -1272.662  -0.000   0.000  25.000  36.000  1029.446   -0.00000        0.00000       -0.00000        0.00000    
   2.000 141500. -1347.960  -0.000   0.000  25.000  36.000  1029.758   -0.00000        0.00000       -0.00000        0.00000    
   2.000 141500. -1423.682  -0.000   0.000  25.000  36.000  1030.071   -0.00000        0.00000       -0.00000        0.00000    
   2.000 141500. -1499.615  -0.000  -0.000  25.000  36.000  1030.385   -0.00000       -0.00000       -0.00000        0.00000    
   2.000 141500. -1575.548  -0.000  -0.000  25.000  36.000  1030.698   -0.00000       -0.00000       -0.00000        0.00000    
   2.000 141500. -1651.270  -0.000  -0.000  25.000  36.000  1031.009   -0.00000       -0.00000       -0.00000        0.00000    
   2.000 141500. -1726.569  -0.000  -0.000  25.000  36.000  1031.318   -0.00000       -0.00000       -0.00000        0.00000    
   2.000 141500. -1801.233  -0.000  -0.000  25.000  36.000  1031.624   -0.00000       -0.00000       -0.00000        0.00000    
   2.000 141500. -1875.050  -0.000  -0.000  25.000  36.000  1031.927   -0.00000       -0.00000       -0.00000        0.00000    
   2.000 141500. -1947.810  -0.000  -0.000  25.000  36.000  1032.224   -0.00000       -0.00000       -0.00000        0.00000    
   2.000 141500. -2019.301  -0.000  -0.000  25.000  36.000  1032.516   -0.00000       -0.00000       -0.00000        0.00000    
   2.000 141500. -2089.311  -0.000  -0.000  25.000  36.000  1032.801   -0.00000       -0.00000       -0.00000        0.00000    
   2.000 141500. -2157.629  -0.000  -0.000  25.000  36.000  1033.079   -0.00000       -0.00000       -0.00000        0.00000    
   2.000 141500. -2224.043  -0.000  -0.000  25.000  36.000  1033.349   -0.00000       -0.00000       -0.00000        0.00000    
   2.000 141500. -2288.342  -0.000  -0.000  25.000  36.000  1033.610   -0.00000       -0.00000       -0.00000        0.00000    
   2.000 141500. -2350.314  -0.000  -0.000  25.000  36.000  1033.861   -0.00000       -0.00000       -0.00000        0.00000    
   2.000 141500. -2409.747  -0.000  -0.000  25.000  36.000  1034.102   -0.00000       -0.00000       -0.00000        0.00000    
   2.000 141500. -2466.430  -0.000  -0.000  25.000  36.000  1034.331   -0.00000       -0.00000       -0.00000        0.00000    
   2.000 141500. -2520.152  -0.000  -0.000  25.000  36.000  1034.547   -0.00000       -0.00000       -0.00000        0.00000    
   2.000 141500. -2570.700  -0.000  -0.000  25.000  36.000  1034.751   -0.00000       -0.00000       -0.00000        0.00000    
   2.000 141500. -2617.865  -0.000  -0.000  25.000  36.000  1034.941   -0.00000       -0.00000       -0.00000        0.00000    
   2.000 141500. -2661.432  -0.000  -0.000  25.000  36.000  1035.117   -0.00000       -0.00000       -0.00000        0.00000    
   2.000 141500. -2701.193  -0.000  -0.000  25.000  36.000  1035.276   -0.00000       -0.00000       -0.00000        0.00000    
   2.000 141500. -2736.934  -0.000  -0.000  25.000  36.000  1035.420   -0.00000       -0.00000       -0.00000        0.00000    
   2.000 141500. -2768.444  -0.000  -0.000  25.000  36.000  1035.547   -0.00000       -0.00000       -0.00000        0.00000    
   2.000 141500. -2795.512  -0.000  -0.000  25.000  36.000  1035.655   -0.00000       -0.00000       -0.00000        0.00000    
   2.000 141500. -2817.926  -0.000  -0.000  25.000  36.000  1035.745   -0.00000       -0.00000       -0.00000        0.00000    
   2.000 141500. -2835.475  -0.000  -0.000  25.000  36.000  1035.815   -0.00000       -0.00000       -0.00000        0.00000    
   2.000 141500. -2848.598  -0.000  -0.000  25.000  36.000  1035.868   -0.00000       -0.00000       -0.00000        0.00000    
   2.000 141500. -2859.066  -0.000  -0.000  25.000  36.000  1035.910   -0.00000       -0.00000       -0.00000        0.00000    
   2.000 141500. -2868.733  -0.000  -0.000  25.000  36.000  1035.949   -0.00000       -0.00000       -0.00000        0.00000    
   2.000 141500. -2878.214  -0.000  -0.000  25.000  36.000  1035.986   -0.00000       -0.00000       -0.00000        0.00000    
   2.000 141500. -2887.487  -0.000  -0.000  25.000  36.000  1036.024   -0.00000       -0.00000       -0.00000        0.00000    
   2.000 141500. -2896.534  -0.000  -0.000  25.000  36.000  1036.060   -0.00000       -0.00000       -0.00000        0.00000    
   2.000 141500. -2905.334  -0.000  -0.000  25.000  36.000  1036.095   -0.00000       -0.00000       -0.00000        0.00000    
   2.000 141500. -2913.867  -0.000  -0.000  25.000  36.000  1036.129   -0.00000       -0.00000       -0.00000        0.00000    
   2.000 141500. -2922.113  -0.000  -0.000  25.000  36.000  1036.162   -0.00000       -0.00000       -0.00000        0.00000    
   2.000 141500. -2930.053  -0.000  -0.000  25.000  36.000  1036.194   -0.00000       -0.00000       -0.00000        0.00000    
   2.000 141500. -2937.666  -0.000  -0.000  25.000  36.000  1036.224   -0.00000       -0.00000       -0.00000        0.00000    
   2.000 141500. -2944.932  -0.000  -0.000  25.000  36.000  1036.253   -0.00000       -0.00000       -0.00000        0.00000    
   2.000 141500. -2951.832  -0.000  -0.000  25.000  36.000  1036.281   -0.00000       -0.00000       -0.00000        0.00000    
   2.000 141500. -2958.344  -0.000  -0.000  25.000  36.000  1036.307   -0.00000       -0.00000       -0.00000        0.00000    
   2.000 141500. -2964.451  -0.000  -0.000  25.000  36.000  1036.331   -0.00000       -0.00000       -0.00000        0.00000    
   2.000 141500. -2970.130  -0.000  -0.000  25.000  36.000  1036.354   -0.00000       -0.00000       -0.00000        0.00000    
   2.000 141500. -2975.363  -0.000  -0.000  25.000  36.000  1036.375   -0.00000       -0.00000       -0.00000        0.00000    
   2.000 141500. -2980.130  -0.000  -0.000  25.000  36.000  1036.394   -0.00000       -0.00000       -0.00000        0.00000    
   2.000 141500. -2984.410  -0.000  -0.000  25.000  36.000  1036.411   -0.00000       -0.00000       -0.00000        0.00000    
   2.000 141500. -2988.184  -0.000  -0.000  25.000  36.000  1036.426   -0.00000       -0.00000       -0.00000        0.00000    
   2.000 141500. -2991.431  -0.000  -0.000  25.000  36.000  1036.439   -0.00000       -0.00000       -0.00000        0.00000    
   2.000 141500. -2994.131  -0.000  -0.000  25.000  36.000  1036.450   -0.00000       -0.00000       -0.00000        0.00000    
   2.000 141500. -2996.265  -0.000  -0.000  25.000  36.000  1036.459   -0.00000        0.00000       -0.00000        0.00000    
   2.000 141500. -2997.813  -0.000  -0.000  25.000  36.000  1036.465   -0.00000        0.00000       -0.00000        0.00000    
   2.000 141500. -2998.754  -0.000  -0.000  25.000  36.000  1036.468   -0.00000        0.00000       -0.00000        0.00000    
   2.000 141500. -2999.387  -0.000   0.000  24.625  35.975  1030.735   -0.00000        0.00000       -0.00000        0.00000    
   2.000 154500.    -0.476   0.000   0.000  25.000  36.000  1024.101   -0.00000        0.00000       -0.00000        0.00000    
   2.000 154500.    -1.417   0.000   0.000  25.000  36.000  1024.105   -0.00000        0.00000       -0.00000        0.00000    
   2.000 154500.    -2.964   0.000   0.000  25.000  36.000  1024.112   -0.00000        0.00000       -0.00000        0.00000    
   2.000 154500.    -5.098   0.000   0.000  25.000  36.000  1024.121   -0.00000        0.00000       -0.00000        0.00000    
   2.000 154500.    -7.798   0.000   0.000  25.000  36.000  1024.132   -0.00000        0.00000       -0.00000        0.00000    
   2.000 154500.   -11.044   0.000   0.000  25.000  36.000  1024.146   -0.00000        0.00000       -0.00000        0.00000    
   2.000 154500.   -14.816   0.000   0.000  25.000  36.000  1024.162   -0.00000        0.00000       -0.00000        0.00000    
   2.000 154500.   -19.095   0.000   0.000  25.000  36.000  1024.180   -0.00000        0.00000       -0.00000        0.00000    
   2.000 154500.   -23.860   0.000   0.000  25.000  36.000  1024.201   -0.00000        0.00000       -0.00000        0.00000    
   2.000 154500.   -29.091   0.000   0.000  25.000  36.000  1024.223   -0.00000        0.00000       -0.00000        0.00000    
   2.000 154500.   -34.769   0.000   0.000  25.000  36.000  1024.247   -0.00000        0.00000       -0.00000        0.00000    
   2.000 154500.   -40.874   0.000   0.000  25.000  36.000  1024.273   -0.00000        0.00000       -0.00000        0.00000    
   2.000 154500.   -47.385   0.000   0.000  25.000  36.000  1024.301   -0.00000        0.00000       -0.00000        0.00000    
   2.000 154500.   -54.282   0.000   0.000  25.000  36.000  1024.330   -0.00000        0.00000       -0.00000        0.00000    
   2.000 154500.   -61.546   0.000   0.000  25.000  36.000  1024.361   -0.00000        0.00000       -0.00000        0.00000    
   2.000 154500.   -69.157   0.000   0.000  25.000  36.000  1024.393   -0.00000        0.00000       -0.00000        0.00000    
   2.000 154500.   -77.094   0.000   0.000  25.000  36.000  1024.427   -0.00000        0.00000       -0.00000        0.00000    
   2.000 154500.   -85.338   0.000   0.000  25.000  36.000  1024.462   -0.00000        0.00000       -0.00000        0.00000    
   2.000 154500.   -93.868   0.000   0.000  25.000  36.000  1024.499   -0.00000        0.00000       -0.00000        0.00000    
   2.000 154500.  -102.666   0.000   0.000  25.000  36.000  1024.536   -0.00000        0.00000       -0.00000        0.00000    
   2.000 154500.  -111.710   0.000   0.000  25.000  36.000  1024.574   -0.00000        0.00000       -0.00000        0.00000    
   2.000 154500.  -120.980   0.000   0.000  25.000  36.000  1024.614   -0.00000        0.00000       -0.00000        0.00000    
   2.000 154500.  -130.458   0.000   0.000  25.000  36.000  1024.654   -0.00000        0.00000       -0.00000        0.00000    
   2.000 154500.  -140.122   0.000   0.000  25.000  36.000  1024.695   -0.00000        0.00000       -0.00000        0.00000    
   2.000 154500.  -150.588   0.000   0.000  25.000  36.000  1024.739   -0.00000        0.00000       -0.00000        0.00000    
   2.000 154500.  -163.706   0.000   0.000  25.000  36.000  1024.795   -0.00000        0.00000       -0.00000        0.00000    
   2.000 154500.  -181.250   0.000   0.000  25.000  36.000  1024.870   -0.00000        0.00000       -0.00000        0.00000    
   2.000 154500.  -203.657   0.000   0.000  25.000  36.000  1024.965   -0.00000        0.00000       -0.00000        0.00000    
   2.000 154500.  -230.717   0.000   0.000  25.000  36.000  1025.079   -0.00000        0.00000       -0.00000        0.00000    
   2.000 154500.  -262.218   0.000   0.000  25.000  36.000  1025.213   -0.00000        0.00000       -0.00000        0.00000    
   2.000 154500.  -297.948   0.000   0.000  25.000  36.000  1025.364   -0.00000        0.00000       -0.00000        0.00000    
   2.000 154500.  -337.696   0.000   0.000  25.000  36.000  1025.532   -0.00000        0.00000       -0.00000        0.00000    
   2.000 154500.  -381.251   0.000   0.000  25.000  36.000  1025.716   -0.00000        0.00000       -0.00000        0.00000    
   2.000 154500.  -428.401   0.000   0.000  25.000  36.000  1025.916   -0.00000        0.00000       -0.00000        0.00000    
   2.000 154500.  -478.934   0.000   0.000  25.000  36.000  1026.129   -0.00000        0.00000       -0.00000        0.00000    
   2.000 154500.  -532.640   0.000   0.000  25.000  36.000  1026.355   -0.00000        0.00000       -0.00000        0.00000    
   2.000 154500.  -589.306   0.000   0.000  25.000  36.000  1026.593   -0.00000        0.00000       -0.00000        0.00000    
   2.000 154500.  -648.721   0.000   0.000  25.000  36.000  1026.843   -0.00000        0.00000       -0.00000        0.00000    
   2.000 154500.  -710.674   0.000   0.000  25.000  36.000  1027.103   -0.00000        0.00000       -0.00000        0.00000    
   2.000 154500.  -774.953   0.000   0.000  25.000  36.000  1027.373   -0.00000        0.00000       -0.00000        0.00000    
   2.000 154500.  -841.347   0.000   0.000  25.000  36.000  1027.651   -0.00000        0.00000       -0.00000        0.00000    
   2.000 154500.  -909.645   0.000   0.000  25.000  36.000  1027.936   -0.00000        0.00000       -0.00000        0.00000    
   2.000 154500.  -979.634  -0.000   0.000  25.000  36.000  1028.228   -0.00000        0.00000       -0.00000        0.00000    
   2.000 154500. -1051.103  -0.000   0.000  25.000  36.000  1028.526   -0.00000        0.00000       -0.00000        0.00000    
   2.000 154500. -1123.841  -0.000   0.000  25.000  36.000  1028.829   -0.00000        0.00000       -0.00000        0.00000    
   2.000 154500. -1197.637  -0.000   0.000  25.000  36.000  1029.135   -0.00000        0.00000       -0.00000        0.00000    
   2.000 154500. -1272.278  -0.000   0.000  25.000  36.000  1029.445   -0.00000        0.00000       -0.00000        0.00000    
   2.000 154500. -1347.554  -0.000   0.000  25.000  36.000  1029.757   -0.00000        0.00000       -0.00000        0.00000    
   2.000 154500. -1423.253  -0.000   0.000  25.000  36.000  1030.069   -0.00000        0.00000       -0.00000        0.00000    
   2.000 154500. -1499.163  -0.000  -0.000  25.000  36.000  1030.383   -0.00000       -0.00000       -0.00000        0.00000    
   2.000 154500. -1575.073  -0.000  -0.000  25.000  36.000  1030.696   -0.00000       -0.00000       -0.00000        0.00000    
   2.000 154500. -1650.772  -0.000  -0.000  25.000  36.000  1031.007   -0.00000       -0.00000       -0.00000        0.00000    
   2.000 154500. -1726.048  -0.000  -0.000  25.000  36.000  1031.316   -0.00000       -0.00000       -0.00000        0.00000    
   2.000 154500. -1800.689  -0.000  -0.000  25.000  36.000  1031.622   -0.00000       -0.00000       -0.00000        0.00000    
   2.000 154500. -1874.485  -0.000  -0.000  25.000  36.000  1031.924   -0.00000       -0.00000       -0.00000        0.00000    
   2.000 154500. -1947.223  -0.000  -0.000  25.000  36.000  1032.222   -0.00000       -0.00000       -0.00000        0.00000    
   2.000 154500. -2018.692  -0.000  -0.000  25.000  36.000  1032.513   -0.00000       -0.00000       -0.00000        0.00000    
   2.000 154500. -2088.681  -0.000  -0.000  25.000  36.000  1032.799   -0.00000       -0.00000       -0.00000        0.00000    
   2.000 154500. -2156.978  -0.000  -0.000  25.000  36.000  1033.077   -0.00000       -0.00000       -0.00000        0.00000    
   2.000 154500. -2223.372  -0.000  -0.000  25.000  36.000  1033.346   -0.00000       -0.00000       -0.00000        0.00000    
   2.000 154500. -2287.652  -0.000  -0.000  25.000  36.000  1033.607   -0.00000       -0.00000       -0.00000        0.00000    
   2.000 154500. -2349.605  -0.000  -0.000  25.000  36.000  1033.858   -0.00000       -0.00000       -0.00000        0.00000    
   2.000 154500. -2409.020  -0.000  -0.000  25.000  36.000  1034.099   -0.00000       -0.00000       -0.00000        0.00000    
   2.000 154500. -2465.686  -0.000  -0.000  25.000  36.000  1034.328   -0.00000       -0.00000       -0.00000        0.00000    
   2.000 154500. -2519.392  -0.000  -0.000  25.000  36.000  1034.544   -0.00000       -0.00000       -0.00000        0.00000    
   2.000 154500. -2569.925  -0.000  -0.000  25.000  36.000  1034.748   -0.00000       -0.00000       -0.00000        0.00000    
   2.000 154500. -2617.075  -0.000  -0.000  25.000  36.000  1034.938   -0.00000       -0.00000       -0.00000        0.00000    
   2.000 154500. -2660.630  -0.000  -0.000  25.000  36.000  1035.113   -0.00000       -0.00000       -0.00000        0.00000    
   2.000 154500. -2700.378  -0.000  -0.000  25.000  36.000  1035.273   -0.00000       -0.00000       -0.00000        0.00000    
   2.000 154500. -2736.108  -0.000  -0.000  25.000  36.000  1035.417   -0.00000       -0.00000       -0.00000        0.00000    
   2.000 154500. -2767.609  -0.000  -0.000  25.000  36.000  1035.543   -0.00000       -0.00000       -0.00000        0.00000    
   2.000 154500. -2794.669  -0.000  -0.000  25.000  36.000  1035.652   -0.00000       -0.00000       -0.00000        0.00000    
   2.000 154500. -2817.076  -0.000  -0.000  25.000  36.000  1035.742   -0.00000       -0.00000       -0.00000        0.00000    
   2.000 154500. -2834.620  -0.000  -0.000  25.000  36.000  1035.812   -0.00000       -0.00000       -0.00000        0.00000    
   2.000 154500. -2847.738  -0.000  -0.000  25.000  36.000  1035.864   -0.00000       -0.00000       -0.00000        0.00000    
   2.000 154500. -2858.204  -0.000  -0.000  25.000  36.000  1035.906   -0.00000       -0.00000       -0.00000        0.00000    
   2.000 154500. -2867.868  -0.000  -0.000  25.000  36.000  1035.945   -0.00000       -0.00000       -0.00000        0.00000    
   2.000 154500. -2877.346  -0.000  -0.000  25.000  36.000  1035.983   -0.00000       -0.00000       -0.00000        0.00000    
   2.000 154500. -2886.616  -0.000  -0.000  25.000  36.000  1036.020   -0.00000       -0.00000       -0.00000        0.00000    
   2.000 154500. -2895.660  -0.000  -0.000  25.000  36.000  1036.056   -0.00000       -0.00000       -0.00000        0.00000    
   2.000 154500. -2904.457  -0.000  -0.000  25.000  36.000  1036.092   -0.00000       -0.00000       -0.00000        0.00000    
   2.000 154500. -2912.988  -0.000  -0.000  25.000  36.000  1036.126   -0.00000       -0.00000       -0.00000        0.00000    
   2.000 154500. -2921.232  -0.000  -0.000  25.000  36.000  1036.159   -0.00000       -0.00000       -0.00000        0.00000    
   2.000 154500. -2929.169  -0.000  -0.000  25.000  36.000  1036.190   -0.00000       -0.00000       -0.00000        0.00000    
   2.000 154500. -2936.780  -0.000  -0.000  25.000  36.000  1036.221   -0.00000       -0.00000       -0.00000        0.00000    
   2.000 154500. -2944.044  -0.000  -0.000  25.000  36.000  1036.250   -0.00000       -0.00000       -0.00000        0.00000    
   2.000 154500. -2950.941  -0.000  -0.000  25.000  36.000  1036.277   -0.00000       -0.00000       -0.00000        0.00000    
   2.000 154500. -2957.452  -0.000  -0.000  25.000  36.000  1036.303   -0.00000       -0.00000       -0.00000        0.00000    
   2.000 154500. -2963.556  -0.000  -0.000  25.000  36.000  1036.328   -0.00000       -0.00000       -0.00000        0.00000    
   2.000 154500. -2969.234  -0.000  -0.000  25.000  36.000  1036.351   -0.00000       -0.00000       -0.00000        0.00000    
   2.000 154500. -2974.466  -0.000  -0.000  25.000  36.000  1036.371   -0.00000       -0.00000       -0.00000        0.00000    
   2.000 154500. -2979.231  -0.000  -0.000  25.000  36.000  1036.390   -0.00000       -0.00000       -0.00000        0.00000    
   2.000 154500. -2983.510  -0.000  -0.000  25.000  36.000  1036.408   -0.00000       -0.00000       -0.00000        0.00000    
   2.000 154500. -2987.282  -0.000  -0.000  25.000  36.000  1036.423   -0.00000       -0.00000       -0.00000        0.00000    
   2.000 154500. -2990.528  -0.000  -0.000  25.000  36.000  1036.436   -0.00000       -0.00000       -0.00000        0.00000    
   2.000 154500. -2993.228  -0.000  -0.000  25.000  36.000  1036.446   -0.00000       -0.00000       -0.00000        0.00000    
   2.000 154500. -2995.361  -0.000  -0.000  25.000  36.000  1036.455   -0.00000        0.00000       -0.00000        0.00000    
   2.000 154500. -2996.908  -0.000  -0.000  25.000  36.000  1036.461   -0.00000       -0.00000       -0.00000        0.00000    
   2.000 154500. -2997.849  -0.000  -0.000  25.000  36.000  1036.465   -0.00000        0.00000       -0.00000        0.00000    
   2.000 154500. -2998.482  -0.000   0.000  24.625  35.975  1030.733   -0.00000        0.00000       -0.00000        0.00000    
   2.000 166500.    -0.476   0.000   0.000  25.000  36.000  1024.101   -0.00000        0.00000       -0.00000        0.00000    
   2.000 166500.    -1.417   0.000   0.000  25.000  36.000  1024.105   -0.00000        0.00000       -0.00000        0.00000    
   2.000 166500.    -2.963   0.000   0.000  25.000  36.000  1024.112   -0.00000        0.00000       -0.00000        0.00000    
   2.000 166500.    -5.095   0.000   0.000  25.000  36.000  1024.121   -0.00000        0.00000       -0.00000        0.00000    
   2.000 166500.    -7.794   0.000   0.000  25.000  36.000  1024.132   -0.00000        0.00000       -0.00000        0.00000    
   2.000 166500.   -11.038   0.000   0.000  25.000  36.000  1024.146   -0.00000        0.00000       -0.00000        0.00000    
   2.000 166500.   -14.808   0.000   0.000  25.000  36.000  1024.162   -0.00000        0.00000       -0.00000        0.00000    
   2.000 166500.   -19.085   0.000   0.000  25.000  36.000  1024.180   -0.00000        0.00000       -0.00000        0.00000    
   2.000 166500.   -23.847   0.000   0.000  25.000  36.000  1024.201   -0.00000        0.00000       -0.00000        0.00000    
   2.000 166500.   -29.076   0.000   0.000  25.000  36.000  1024.223   -0.00000        0.00000       -0.00000        0.00000    
   2.000 166500.   -34.751   0.000   0.000  25.000  36.000  1024.247   -0.00000        0.00000       -0.00000        0.00000    
   2.000 166500.   -40.853   0.000   0.000  25.000  36.000  1024.273   -0.00000        0.00000       -0.00000        0.00000    
   2.000 166500.   -47.360   0.000   0.000  25.000  36.000  1024.301   -0.00000        0.00000       -0.00000        0.00000    
   2.000 166500.   -54.254   0.000   0.000  25.000  36.000  1024.330   -0.00000        0.00000       -0.00000        0.00000    
   2.000 166500.   -61.514   0.000   0.000  25.000  36.000  1024.361   -0.00000        0.00000       -0.00000        0.00000    
   2.000 166500.   -69.121   0.000   0.000  25.000  36.000  1024.393   -0.00000        0.00000       -0.00000        0.00000    
   2.000 166500.   -77.054   0.000   0.000  25.000  36.000  1024.427   -0.00000        0.00000       -0.00000        0.00000    
   2.000 166500.   -85.294   0.000   0.000  25.000  36.000  1024.462   -0.00000        0.00000       -0.00000        0.00000    
   2.000 166500.   -93.820   0.000   0.000  25.000  36.000  1024.498   -0.00000        0.00000       -0.00000        0.00000    
   2.000 166500.  -102.612   0.000   0.000  25.000  36.000  1024.536   -0.00000        0.00000       -0.00000        0.00000    
   2.000 166500.  -111.652   0.000   0.000  25.000  36.000  1024.574   -0.00000        0.00000       -0.00000        0.00000    
   2.000 166500.  -120.917   0.000   0.000  25.000  36.000  1024.613   -0.00000        0.00000       -0.00000        0.00000    
   2.000 166500.  -130.390   0.000   0.000  25.000  36.000  1024.654   -0.00000        0.00000       -0.00000        0.00000    
   2.000 166500.  -140.049   0.000   0.000  25.000  36.000  1024.695   -0.00000        0.00000       -0.00000        0.00000    
   2.000 166500.  -150.509   0.000   0.000  25.000  36.000  1024.739   -0.00000        0.00000       -0.00000        0.00000    
   2.000 166500.  -163.621   0.000   0.000  25.000  36.000  1024.795   -0.00000        0.00000       -0.00000        0.00000    
   2.000 166500.  -181.156   0.000   0.000  25.000  36.000  1024.869   -0.00000        0.00000       -0.00000        0.00000    
   2.000 166500.  -203.551   0.000   0.000  25.000  36.000  1024.964   -0.00000        0.00000       -0.00000        0.00000    
   2.000 166500.  -230.597   0.000   0.000  25.000  36.000  1025.079   -0.00000        0.00000       -0.00000        0.00000    
   2.000 166500.  -262.081   0.000   0.000  25.000  36.000  1025.212   -0.00000        0.00000       -0.00000        0.00000    
   2.000 166500.  -297.793   0.000   0.000  25.000  36.000  1025.364   -0.00000        0.00000       -0.00000        0.00000    
   2.000 166500.  -337.521   0.000   0.000  25.000  36.000  1025.532   -0.00000        0.00000       -0.00000        0.00000    
   2.000 166500.  -381.053   0.000   0.000  25.000  36.000  1025.716   -0.00000        0.00000       -0.00000        0.00000    
   2.000 166500.  -428.178   0.000   0.000  25.000  36.000  1025.915   -0.00000        0.00000       -0.00000        0.00000    
   2.000 166500.  -478.685   0.000   0.000  25.000  36.000  1026.128   -0.00000        0.00000       -0.00000        0.00000    
   2.000 166500.  -532.363   0.000   0.000  25.000  36.000  1026.354   -0.00000        0.00000       -0.00000        0.00000    
   2.000 166500.  -589.000   0.000   0.000  25.000  36.000  1026.592   -0.00000        0.00000       -0.00000        0.00000    
   2.000 166500.  -648.384   0.000   0.000  25.000  36.000  1026.842   -0.00000        0.00000       -0.00000        0.00000    
   2.000 166500.  -710.305   0.000   0.000  25.000  36.000  1027.102   -0.00000        0.00000       -0.00000        0.00000    
   2.000 166500.  -774.551   0.000   0.000  25.000  36.000  1027.371   -0.00000        0.00000       -0.00000        0.00000    
   2.000 166500.  -840.910   0.000   0.000  25.000  36.000  1027.649   -0.00000        0.00000       -0.00000        0.00000    
   2.000 166500.  -909.172   0.000   0.000  25.000  36.000  1027.934   -0.00000        0.00000       -0.00000        0.00000    
   2.000 166500.  -979.125   0.000   0.000  25.000  36.000  1028.226   -0.00000        0.00000       -0.00000        0.00000    
   2.000 166500. -1050.557   0.000   0.000  25.000  36.000  1028.524   -0.00000        0.00000       -0.00000        0.00000    
   2.000 166500. -1123.257   0.000   0.000  25.000  36.000  1028.826   -0.00000        0.00000       -0.00000        0.00000    
   2.000 166500. -1197.014   0.000   0.000  25.000  36.000  1029.133   -0.00000        0.00000       -0.00000        0.00000    
   2.000 166500. -1271.617   0.000   0.000  25.000  36.000  1029.442   -0.00000        0.00000       -0.00000        0.00000    
   2.000 166500. -1346.854  -0.000   0.000  25.000  36.000  1029.754   -0.00000        0.00000       -0.00000        0.00000    
   2.000 166500. -1422.513  -0.000   0.000  25.000  36.000  1030.066   -0.00000        0.00000       -0.00000        0.00000    
   2.000 166500. -1498.384  -0.000  -0.000  25.000  36.000  1030.380   -0.00000       -0.00000       -0.00000        0.00000    
   2.000 166500. -1574.255  -0.000  -0.000  25.000  36.000  1030.692   -0.00000       -0.00000       -0.00000        0.00000    
   2.000 166500. -1649.915  -0.000  -0.000  25.000  36.000  1031.003   -0.00000       -0.00000       -0.00000        0.00000    
   2.000 166500. -1725.151  -0.000  -0.000  25.000  36.000  1031.313   -0.00000       -0.00000       -0.00000        0.00000    
   2.000 166500. -1799.754  -0.000  -0.000  25.000  36.000  1031.618   -0.00000       -0.00000       -0.00000        0.00000    
   2.000 166500. -1873.511  -0.000  -0.000  25.000  36.000  1031.920   -0.00000       -0.00000       -0.00000        0.00000    
   2.000 166500. -1946.212  -0.000  -0.000  25.000  36.000  1032.218   -0.00000       -0.00000       -0.00000        0.00000    
   2.000 166500. -2017.644  -0.000  -0.000  25.000  36.000  1032.509   -0.00000       -0.00000       -0.00000        0.00000    
   2.000 166500. -2087.596  -0.000  -0.000  25.000  36.000  1032.794   -0.00000       -0.00000       -0.00000        0.00000    
   2.000 166500. -2155.858  -0.000  -0.000  25.000  36.000  1033.072   -0.00000       -0.00000       -0.00000        0.00000    
   2.000 166500. -2222.218  -0.000  -0.000  25.000  36.000  1033.342   -0.00000       -0.00000       -0.00000        0.00000    
   2.000 166500. -2286.463  -0.000  -0.000  25.000  36.000  1033.602   -0.00000       -0.00000       -0.00000        0.00000    
   2.000 166500. -2348.384  -0.000  -0.000  25.000  36.000  1033.853   -0.00000       -0.00000       -0.00000        0.00000    
   2.000 166500. -2407.769  -0.000  -0.000  25.000  36.000  1034.094   -0.00000       -0.00000       -0.00000        0.00000    
   2.000 166500. -2464.405  -0.000  -0.000  25.000  36.000  1034.322   -0.00000       -0.00000       -0.00000        0.00000    
   2.000 166500. -2518.083  -0.000  -0.000  25.000  36.000  1034.539   -0.00000       -0.00000       -0.00000        0.00000    
   2.000 166500. -2568.590  -0.000  -0.000  25.000  36.000  1034.743   -0.00000       -0.00000       -0.00000        0.00000    
   2.000 166500. -2615.715  -0.000  -0.000  25.000  36.000  1034.933   -0.00000       -0.00000       -0.00000        0.00000    
   2.000 166500. -2659.248  -0.000  -0.000  25.000  36.000  1035.108   -0.00000       -0.00000       -0.00000        0.00000    
   2.000 166500. -2698.975  -0.000  -0.000  25.000  36.000  1035.268   -0.00000       -0.00000       -0.00000        0.00000    
   2.000 166500. -2734.687  -0.000  -0.000  25.000  36.000  1035.411   -0.00000       -0.00000       -0.00000        0.00000    
   2.000 166500. -2766.171  -0.000  -0.000  25.000  36.000  1035.537   -0.00000       -0.00000       -0.00000        0.00000    
   2.000 166500. -2793.217  -0.000  -0.000  25.000  36.000  1035.646   -0.00000       -0.00000       -0.00000        0.00000    
   2.000 166500. -2815.613  -0.000  -0.000  25.000  36.000  1035.736   -0.00000       -0.00000       -0.00000        0.00000    
   2.000 166500. -2833.147  -0.000  -0.000  25.000  36.000  1035.806   -0.00000       -0.00000       -0.00000        0.00000    
   2.000 166500. -2846.259  -0.000  -0.000  25.000  36.000  1035.859   -0.00000       -0.00000       -0.00000        0.00000    
   2.000 166500. -2856.719  -0.000  -0.000  25.000  36.000  1035.900   -0.00000       -0.00000       -0.00000        0.00000    
   2.000 166500. -2866.379  -0.000  -0.000  25.000  36.000  1035.939   -0.00000       -0.00000       -0.00000        0.00000    
   2.000 166500. -2875.851  -0.000  -0.000  25.000  36.000  1035.977   -0.00000       -0.00000       -0.00000        0.00000    
   2.000 166500. -2885.117  -0.000  -0.000  25.000  36.000  1036.014   -0.00000       -0.00000       -0.00000        0.00000    
   2.000 166500. -2894.156  -0.000  -0.000  25.000  36.000  1036.050   -0.00000       -0.00000       -0.00000        0.00000    
   2.000 166500. -2902.949  -0.000  -0.000  25.000  36.000  1036.085   -0.00000       -0.00000       -0.00000        0.00000    
   2.000 166500. -2911.475  -0.000  -0.000  25.000  36.000  1036.120   -0.00000       -0.00000       -0.00000        0.00000    
   2.000 166500. -2919.714  -0.000  -0.000  25.000  36.000  1036.153   -0.00000       -0.00000       -0.00000        0.00000    
   2.000 166500. -2927.648  -0.000  -0.000  25.000  36.000  1036.184   -0.00000       -0.00000       -0.00000        0.00000    
   2.000 166500. -2935.254  -0.000  -0.000  25.000  36.000  1036.215   -0.00000       -0.00000       -0.00000        0.00000    
   2.000 166500. -2942.514  -0.000  -0.000  25.000  36.000  1036.244   -0.00000       -0.00000       -0.00000        0.00000    
   2.000 166500. -2949.408  -0.000  -0.000  25.000  36.000  1036.271   -0.00000       -0.00000       -0.00000        0.00000    
   2.000 166500. -2955.916  -0.000  -0.000  25.000  36.000  1036.297   -0.00000       -0.00000       -0.00000        0.00000    
   2.000 166500. -2962.017  -0.000  -0.000  25.000  36.000  1036.322   -0.00000       -0.00000       -0.00000        0.00000    
   2.000 166500. -2967.692  -0.000  -0.000  25.000  36.000  1036.344   -0.00000       -0.00000       -0.00000        0.00000    
   2.000 166500. -2972.921  -0.000  -0.000  25.000  36.000  1036.365   -0.00000       -0.00000       -0.00000        0.00000    
   2.000 166500. -2977.684  -0.000  -0.000  25.000  36.000  1036.384   -0.00000       -0.00000       -0.00000        0.00000    
   2.000 166500. -2981.960  -0.000  -0.000  25.000  36.000  1036.401   -0.00000       -0.00000       -0.00000        0.00000    
   2.000 166500. -2985.731  -0.000  -0.000  25.000  36.000  1036.416   -0.00000       -0.00000       -0.00000        0.00000    
   2.000 166500. -2988.975  -0.000  -0.000  25.000  36.000  1036.429   -0.00000       -0.00000       -0.00000        0.00000    
   2.000 166500. -2991.673  -0.000  -0.000  25.000  36.000  1036.440   -0.00000       -0.00000       -0.00000        0.00000    
   2.000 166500. -2993.806  -0.000  -0.000  25.000  36.000  1036.449   -0.00000        0.00000       -0.00000        0.00000    
   2.000 166500. -2995.352  -0.000  -0.000  25.000  36.000  1036.455   -0.00000       -0.00000       -0.00000        0.00000    
   2.000 166500. -2996.292  -0.000  -0.000  25.000  36.000  1036.459   -0.00000        0.00000       -0.00000        0.00000    
   2.000 166500. -2996.925  -0.000   0.000  24.625  35.975  1030.730   -0.00000        0.00000       -0.00000        0.00000    
   2.000 180500.    -0.476   0.000   0.000  25.000  36.000  1024.101   -0.00000        0.00000       -0.00000        0.00000    
   2.000 180500.    -1.415   0.000   0.000  25.000  36.000  1024.105   -0.00000        0.00000       -0.00000        0.00000    
   2.000 180500.    -2.960   0.000   0.000  25.000  36.000  1024.112   -0.00000        0.00000       -0.00000        0.00000    
   2.000 180500.    -5.090   0.000   0.000  25.000  36.000  1024.121   -0.00000        0.00000       -0.00000        0.00000    
   2.000 180500.    -7.785   0.000   0.000  25.000  36.000  1024.132   -0.00000        0.00000       -0.00000        0.00000    
   2.000 180500.   -11.026   0.000   0.000  25.000  36.000  1024.146   -0.00000        0.00000       -0.00000        0.00000    
   2.000 180500.   -14.792   0.000   0.000  25.000  36.000  1024.162   -0.00000        0.00000       -0.00000        0.00000    
   2.000 180500.   -19.064   0.000   0.000  25.000  36.000  1024.180   -0.00000        0.00000       -0.00000        0.00000    
   2.000 180500.   -23.822   0.000   0.000  25.000  36.000  1024.200   -0.00000        0.00000       -0.00000        0.00000    
   2.000 180500.   -29.045   0.000   0.000  25.000  36.000  1024.223   -0.00000        0.00000       -0.00000        0.00000    
   2.000 180500.   -34.714   0.000   0.000  25.000  36.000  1024.247   -0.00000        0.00000       -0.00000        0.00000    
   2.000 180500.   -40.808   0.000   0.000  25.000  36.000  1024.273   -0.00000        0.00000       -0.00000        0.00000    
   2.000 180500.   -47.309   0.000   0.000  25.000  36.000  1024.300   -0.00000        0.00000       -0.00000        0.00000    
   2.000 180500.   -54.195   0.000   0.000  25.000  36.000  1024.330   -0.00000        0.00000       -0.00000        0.00000    
   2.000 180500.   -61.448   0.000   0.000  25.000  36.000  1024.361   -0.00000        0.00000       -0.00000        0.00000    
   2.000 180500.   -69.046   0.000   0.000  25.000  36.000  1024.393   -0.00000        0.00000       -0.00000        0.00000    
   2.000 180500.   -76.971   0.000   0.000  25.000  36.000  1024.427   -0.00000        0.00000       -0.00000        0.00000    
   2.000 180500.   -85.201   0.000   0.000  25.000  36.000  1024.462   -0.00000        0.00000       -0.00000        0.00000    
   2.000 180500.   -93.718   0.000   0.000  25.000  36.000  1024.498   -0.00000        0.00000       -0.00000        0.00000    
   2.000 180500.  -102.501   0.000   0.000  25.000  36.000  1024.535   -0.00000        0.00000       -0.00000        0.00000    
   2.000 180500.  -111.531   0.000   0.000  25.000  36.000  1024.574   -0.00000        0.00000       -0.00000        0.00000    
   2.000 180500.  -120.787   0.000   0.000  25.000  36.000  1024.613   -0.00000        0.00000       -0.00000        0.00000    
   2.000 180500.  -130.249   0.000   0.000  25.000  36.000  1024.653   -0.00000        0.00000       -0.00000        0.00000    
   2.000 180500.  -139.898   0.000   0.000  25.000  36.000  1024.694   -0.00000        0.00000       -0.00000        0.00000    
   2.000 180500.  -150.347   0.000   0.000  25.000  36.000  1024.738   -0.00000        0.00000       -0.00000        0.00000    
   2.000 180500.  -163.444   0.000   0.000  25.000  36.000  1024.794   -0.00000        0.00000       -0.00000        0.00000    
   2.000 180500.  -180.960   0.000   0.000  25.000  36.000  1024.868   -0.00000        0.00000       -0.00000        0.00000    
   2.000 180500.  -203.331   0.000   0.000  25.000  36.000  1024.963   -0.00000        0.00000       -0.00000        0.00000    
   2.000 180500.  -230.348   0.000   0.000  25.000  36.000  1025.078   -0.00000        0.00000       -0.00000        0.00000    
   2.000 180500.  -261.798   0.000   0.000  25.000  36.000  1025.211   -0.00000        0.00000       -0.00000        0.00000    
   2.000 180500.  -297.471   0.000   0.000  25.000  36.000  1025.362   -0.00000        0.00000       -0.00000        0.00000    
   2.000 180500.  -337.156   0.000   0.000  25.000  36.000  1025.530   -0.00000        0.00000       -0.00000        0.00000    
   2.000 180500.  -380.641   0.000   0.000  25.000  36.000  1025.714   -0.00000        0.00000       -0.00000        0.00000    
   2.000 180500.  -427.715   0.000   0.000  25.000  36.000  1025.913   -0.00000        0.00000       -0.00000        0.00000    
   2.000 180500.  -478.168   0.000   0.000  25.000  36.000  1026.125   -0.00000        0.00000       -0.00000        0.00000    
   2.000 180500.  -531.788   0.000   0.000  25.000  36.000  1026.351   -0.00000        0.00000       -0.00000        0.00000    
   2.000 180500.  -588.363   0.000   0.000  25.000  36.000  1026.589   -0.00000        0.00000       -0.00000        0.00000    
   2.000 180500.  -647.683   0.000   0.000  25.000  36.000  1026.839   -0.00000        0.00000       -0.00000        0.00000    
   2.000 180500.  -709.537   0.000   0.000  25.000  36.000  1027.098   -0.00000        0.00000       -0.00000        0.00000    
   2.000 180500.  -773.714   0.000   0.000  25.000  36.000  1027.367   -0.00000        0.00000       -0.00000        0.00000    
   2.000 180500.  -840.001   0.000   0.000  25.000  36.000  1027.645   -0.00000        0.00000       -0.00000        0.00000    
   2.000 180500.  -908.189   0.000   0.000  25.000  36.000  1027.930   -0.00000        0.00000       -0.00000        0.00000    
   2.000 180500.  -978.066   0.000   0.000  25.000  36.000  1028.222   -0.00000        0.00000       -0.00000        0.00000    
   2.000 180500. -1049.421   0.000   0.000  25.000  36.000  1028.519   -0.00000        0.00000       -0.00000        0.00000    
   2.000 180500. -1122.043   0.000   0.000  25.000  36.000  1028.821   -0.00000        0.00000       -0.00000        0.00000    
   2.000 180500. -1195.720   0.000   0.000  25.000  36.000  1029.127   -0.00000        0.00000       -0.00000        0.00000    
   2.000 180500. -1270.242   0.000   0.000  25.000  36.000  1029.436   -0.00000        0.00000       -0.00000        0.00000    
   2.000 180500. -1345.398   0.000   0.000  25.000  36.000  1029.748   -0.00000        0.00000       -0.00000        0.00000    
   2.000 180500. -1420.976   0.000   0.000  25.000  36.000  1030.060   -0.00000        0.00000       -0.00000        0.00000    
   2.000 180500. -1496.764  -0.000  -0.000  25.000  36.000  1030.373   -0.00000       -0.00000       -0.00000        0.00000    
   2.000 180500. -1572.553  -0.000  -0.000  25.000  36.000  1030.685   -0.00000       -0.00000       -0.00000        0.00000    
   2.000 180500. -1648.131  -0.000  -0.000  25.000  36.000  1030.996   -0.00000       -0.00000       -0.00000        0.00000    
   2.000 180500. -1723.286  -0.000  -0.000  25.000  36.000  1031.305   -0.00000       -0.00000       -0.00000        0.00000    
   2.000 180500. -1797.808  -0.000  -0.000  25.000  36.000  1031.610   -0.00000       -0.00000       -0.00000        0.00000    
   2.000 180500. -1871.486  -0.000  -0.000  25.000  36.000  1031.912   -0.00000       -0.00000       -0.00000        0.00000    
   2.000 180500. -1944.108  -0.000  -0.000  25.000  36.000  1032.209   -0.00000       -0.00000       -0.00000        0.00000    
   2.000 180500. -2015.463  -0.000  -0.000  25.000  36.000  1032.500   -0.00000       -0.00000       -0.00000        0.00000    
   2.000 180500. -2085.340  -0.000  -0.000  25.000  36.000  1032.785   -0.00000       -0.00000       -0.00000        0.00000    
   2.000 180500. -2153.527  -0.000  -0.000  25.000  36.000  1033.062   -0.00000       -0.00000       -0.00000        0.00000    
   2.000 180500. -2219.815  -0.000  -0.000  25.000  36.000  1033.332   -0.00000       -0.00000       -0.00000        0.00000    
   2.000 180500. -2283.992  -0.000  -0.000  25.000  36.000  1033.592   -0.00000       -0.00000       -0.00000        0.00000    
   2.000 180500. -2345.845  -0.000  -0.000  25.000  36.000  1033.843   -0.00000       -0.00000       -0.00000        0.00000    
   2.000 180500. -2405.166  -0.000  -0.000  25.000  36.000  1034.083   -0.00000       -0.00000       -0.00000        0.00000    
   2.000 180500. -2461.741  -0.000  -0.000  25.000  36.000  1034.312   -0.00000       -0.00000       -0.00000        0.00000    
   2.000 180500. -2515.361  -0.000  -0.000  25.000  36.000  1034.528   -0.00000       -0.00000       -0.00000        0.00000    
   2.000 180500. -2565.813  -0.000  -0.000  25.000  36.000  1034.732   -0.00000       -0.00000       -0.00000        0.00000    
   2.000 180500. -2612.888  -0.000  -0.000  25.000  36.000  1034.921   -0.00000       -0.00000       -0.00000        0.00000    
   2.000 180500. -2656.373  -0.000  -0.000  25.000  36.000  1035.096   -0.00000       -0.00000       -0.00000        0.00000    
   2.000 180500. -2696.058  -0.000  -0.000  25.000  36.000  1035.256   -0.00000       -0.00000       -0.00000        0.00000    
   2.000 180500. -2731.731  -0.000  -0.000  25.000  36.000  1035.399   -0.00000       -0.00000       -0.00000        0.00000    
   2.000 180500. -2763.181  -0.000  -0.000  25.000  36.000  1035.525   -0.00000       -0.00000       -0.00000        0.00000    
   2.000 180500. -2790.198  -0.000  -0.000  25.000  36.000  1035.634   -0.00000       -0.00000       -0.00000        0.00000    
   2.000 180500. -2812.569  -0.000  -0.000  25.000  36.000  1035.723   -0.00000       -0.00000       -0.00000        0.00000    
   2.000 180500. -2830.085  -0.000  -0.000  25.000  36.000  1035.794   -0.00000       -0.00000       -0.00000        0.00000    
   2.000 180500. -2843.182  -0.000  -0.000  25.000  36.000  1035.846   -0.00000       -0.00000       -0.00000        0.00000    
   2.000 180500. -2853.631  -0.000  -0.000  25.000  36.000  1035.888   -0.00000       -0.00000       -0.00000        0.00000    
   2.000 180500. -2863.280  -0.000  -0.000  25.000  36.000  1035.927   -0.00000       -0.00000       -0.00000        0.00000    
   2.000 180500. -2872.742  -0.000  -0.000  25.000  36.000  1035.965   -0.00000       -0.00000       -0.00000        0.00000    
   2.000 180500. -2881.998  -0.000  -0.000  25.000  36.000  1036.002   -0.00000       -0.00000       -0.00000        0.00000    
   2.000 180500. -2891.027  -0.000  -0.000  25.000  36.000  1036.038   -0.00000       -0.00000       -0.00000        0.00000    
   2.000 180500. -2899.811  -0.000  -0.000  25.000  36.000  1036.073   -0.00000       -0.00000       -0.00000        0.00000    
   2.000 180500. -2908.327  -0.000  -0.000  25.000  36.000  1036.107   -0.00000       -0.00000       -0.00000        0.00000    
   2.000 180500. -2916.558  -0.000  -0.000  25.000  36.000  1036.140   -0.00000       -0.00000       -0.00000        0.00000    
   2.000 180500. -2924.483  -0.000  -0.000  25.000  36.000  1036.172   -0.00000       -0.00000       -0.00000        0.00000    
   2.000 180500. -2932.081  -0.000  -0.000  25.000  36.000  1036.202   -0.00000       -0.00000       -0.00000        0.00000    
   2.000 180500. -2939.333  -0.000  -0.000  25.000  36.000  1036.231   -0.00000       -0.00000       -0.00000        0.00000    
   2.000 180500. -2946.220  -0.000  -0.000  25.000  36.000  1036.259   -0.00000       -0.00000       -0.00000        0.00000    
   2.000 180500. -2952.720  -0.000  -0.000  25.000  36.000  1036.285   -0.00000       -0.00000       -0.00000        0.00000    
   2.000 180500. -2958.815  -0.000  -0.000  25.000  36.000  1036.309   -0.00000       -0.00000       -0.00000        0.00000    
   2.000 180500. -2964.484  -0.000  -0.000  25.000  36.000  1036.332   -0.00000       -0.00000       -0.00000        0.00000    
   2.000 180500. -2969.707  -0.000  -0.000  25.000  36.000  1036.352   -0.00000       -0.00000       -0.00000        0.00000    
   2.000 180500. -2974.465  -0.000  -0.000  25.000  36.000  1036.371   -0.00000       -0.00000       -0.00000        0.00000    
   2.000 180500. -2978.736  -0.000  -0.000  25.000  36.000  1036.388   -0.00000       -0.00000       -0.00000        0.00000    
   2.000 180500. -2982.503  -0.000  -0.000  25.000  36.000  1036.404   -0.00000       -0.00000       -0.00000        0.00000    
   2.000 180500. -2985.744  -0.000  -0.000  25.000  36.000  1036.416   -0.00000       -0.00000       -0.00000        0.00000    
   2.000 180500. -2988.439  -0.000  -0.000  25.000  36.000  1036.427   -0.00000       -0.00000       -0.00000        0.00000    
   2.000 180500. -2990.569  -0.000  -0.000  25.000  36.000  1036.436   -0.00000        0.00000       -0.00000        0.00000    
   2.000 180500. -2992.114  -0.000  -0.000  25.000  36.000  1036.442   -0.00000       -0.00000       -0.00000        0.00000    
   2.000 180500. -2993.053  -0.000  -0.000  25.000  36.000  1036.446   -0.00000        0.00000       -0.00000        0.00000    
   2.000 180500. -2993.685  -0.000   0.000  24.625  35.975  1030.723   -0.00000        0.00000       -0.00000        0.00000    
   2.000 193500.    -0.475   0.000   0.000  25.000  36.000  1024.101   -0.00000        0.00000       -0.00000        0.00000    
   2.000 193500.    -1.413   0.000   0.000  25.000  36.000  1024.105   -0.00000        0.00000       -0.00000        0.00000    
   2.000 193500.    -2.955   0.000   0.000  25.000  36.000  1024.112   -0.00000        0.00000       -0.00000        0.00000    
   2.000 193500.    -5.081   0.000   0.000  25.000  36.000  1024.121   -0.00000        0.00000       -0.00000        0.00000    
   2.000 193500.    -7.772   0.000   0.000  25.000  36.000  1024.132   -0.00000        0.00000       -0.00000        0.00000    
   2.000 193500.   -11.007   0.000   0.000  25.000  36.000  1024.146   -0.00000        0.00000       -0.00000        0.00000    
   2.000 193500.   -14.767   0.000   0.000  25.000  36.000  1024.162   -0.00000        0.00000       -0.00000        0.00000    
   2.000 193500.   -19.032   0.000   0.000  25.000  36.000  1024.180   -0.00000        0.00000       -0.00000        0.00000    
   2.000 193500.   -23.782   0.000   0.000  25.000  36.000  1024.200   -0.00000        0.00000       -0.00000        0.00000    
   2.000 193500.   -28.996   0.000   0.000  25.000  36.000  1024.223   -0.00000        0.00000       -0.00000        0.00000    
   2.000 193500.   -34.655   0.000   0.000  25.000  36.000  1024.247   -0.00000        0.00000       -0.00000        0.00000    
   2.000 193500.   -40.740   0.000   0.000  25.000  36.000  1024.273   -0.00000        0.00000       -0.00000        0.00000    
   2.000 193500.   -47.229   0.000   0.000  25.000  36.000  1024.300   -0.00000        0.00000       -0.00000        0.00000    
   2.000 193500.   -54.104   0.000   0.000  25.000  36.000  1024.329   -0.00000        0.00000       -0.00000        0.00000    
   2.000 193500.   -61.345   0.000   0.000  25.000  36.000  1024.360   -0.00000        0.00000       -0.00000        0.00000    
   2.000 193500.   -68.930   0.000   0.000  25.000  36.000  1024.392   -0.00000        0.00000       -0.00000        0.00000    
   2.000 193500.   -76.841   0.000   0.000  25.000  36.000  1024.426   -0.00000        0.00000       -0.00000        0.00000    
   2.000 193500.   -85.058   0.000   0.000  25.000  36.000  1024.461   -0.00000        0.00000       -0.00000        0.00000    
   2.000 193500.   -93.561   0.000   0.000  25.000  36.000  1024.497   -0.00000        0.00000       -0.00000        0.00000    
   2.000 193500.  -102.329   0.000   0.000  25.000  36.000  1024.534   -0.00000        0.00000       -0.00000        0.00000    
   2.000 193500.  -111.344   0.000   0.000  25.000  36.000  1024.573   -0.00000        0.00000       -0.00000        0.00000    
   2.000 193500.  -120.584   0.000   0.000  25.000  36.000  1024.612   -0.00000        0.00000       -0.00000        0.00000    
   2.000 193500.  -130.030   0.000   0.000  25.000  36.000  1024.652   -0.00000        0.00000       -0.00000        0.00000    
   2.000 193500.  -139.663   0.000   0.000  25.000  36.000  1024.693   -0.00000        0.00000       -0.00000        0.00000    
   2.000 193500.  -150.094   0.000   0.000  25.000  36.000  1024.737   -0.00000        0.00000       -0.00000        0.00000    
   2.000 193500.  -163.170   0.000   0.000  25.000  36.000  1024.793   -0.00000        0.00000       -0.00000        0.00000    
   2.000 193500.  -180.656   0.000   0.000  25.000  36.000  1024.867   -0.00000        0.00000       -0.00000        0.00000    
   2.000 193500.  -202.990   0.000   0.000  25.000  36.000  1024.962   -0.00000        0.00000       -0.00000        0.00000    
   2.000 193500.  -229.961   0.000   0.000  25.000  36.000  1025.076   -0.00000        0.00000       -0.00000        0.00000    
   2.000 193500.  -261.359   0.000   0.000  25.000  36.000  1025.209   -0.00000        0.00000       -0.00000        0.00000    
   2.000 193500.  -296.972   0.000   0.000  25.000  36.000  1025.360   -0.00000        0.00000       -0.00000        0.00000    
   2.000 193500.  -336.590   0.000   0.000  25.000  36.000  1025.528   -0.00000        0.00000       -0.00000        0.00000    
   2.000 193500.  -380.002   0.000   0.000  25.000  36.000  1025.711   -0.00000        0.00000       -0.00000        0.00000    
   2.000 193500.  -426.998   0.000   0.000  25.000  36.000  1025.910   -0.00000        0.00000       -0.00000        0.00000    
   2.000 193500.  -477.365   0.000   0.000  25.000  36.000  1026.122   -0.00000        0.00000       -0.00000        0.00000    
   2.000 193500.  -530.895   0.000   0.000  25.000  36.000  1026.348   -0.00000        0.00000       -0.00000        0.00000    
   2.000 193500.  -587.376   0.000   0.000  25.000  36.000  1026.585   -0.00000        0.00000       -0.00000        0.00000    
   2.000 193500.  -646.596   0.000   0.000  25.000  36.000  1026.834   -0.00000        0.00000       -0.00000        0.00000    
   2.000 193500.  -708.346   0.000   0.000  25.000  36.000  1027.093   -0.00000        0.00000       -0.00000        0.00000    
   2.000 193500.  -772.415   0.000   0.000  25.000  36.000  1027.362   -0.00000        0.00000       -0.00000        0.00000    
   2.000 193500.  -838.591   0.000   0.000  25.000  36.000  1027.639   -0.00000        0.00000       -0.00000        0.00000    
   2.000 193500.  -906.665   0.000   0.000  25.000  36.000  1027.924   -0.00000        0.00000       -0.00000        0.00000    
   2.000 193500.  -976.425   0.000   0.000  25.000  36.000  1028.215   -0.00000        0.00000       -0.00000        0.00000    
   2.000 193500. -1047.660   0.000   0.000  25.000  36.000  1028.512   -0.00000        0.00000       -0.00000        0.00000    
   2.000 193500. -1120.160   0.000   0.000  25.000  36.000  1028.813   -0.00000        0.00000       -0.00000        0.00000    
   2.000 193500. -1193.714   0.000   0.000  25.000  36.000  1029.119   -0.00000        0.00000       -0.00000        0.00000    
   2.000 193500. -1268.110   0.000   0.000  25.000  36.000  1029.428   -0.00000        0.00000       -0.00000        0.00000    
   2.000 193500. -1343.140   0.000   0.000  25.000  36.000  1029.738   -0.00000        0.00000       -0.00000        0.00000    
   2.000 193500. -1418.591   0.000   0.000  25.000  36.000  1030.050   -0.00000        0.00000       -0.00000        0.00000    
   2.000 193500. -1494.252   0.000  -0.000  25.000  36.000  1030.363   -0.00000       -0.00000       -0.00000        0.00000    
   2.000 193500. -1569.914  -0.000  -0.000  25.000  36.000  1030.674   -0.00000       -0.00000       -0.00000        0.00000    
   2.000 193500. -1645.365  -0.000  -0.000  25.000  36.000  1030.985   -0.00000       -0.00000       -0.00000        0.00000    
   2.000 193500. -1720.394  -0.000  -0.000  25.000  36.000  1031.293   -0.00000       -0.00000       -0.00000        0.00000    
   2.000 193500. -1794.791  -0.000  -0.000  25.000  36.000  1031.598   -0.00000       -0.00000       -0.00000        0.00000    
   2.000 193500. -1868.345  -0.000  -0.000  25.000  36.000  1031.899   -0.00000       -0.00000       -0.00000        0.00000    
   2.000 193500. -1940.844  -0.000  -0.000  25.000  36.000  1032.196   -0.00000       -0.00000       -0.00000        0.00000    
   2.000 193500. -2012.080  -0.000  -0.000  25.000  36.000  1032.486   -0.00000       -0.00000       -0.00000        0.00000    
   2.000 193500. -2081.839  -0.000  -0.000  25.000  36.000  1032.771   -0.00000       -0.00000       -0.00000        0.00000    
   2.000 193500. -2149.913  -0.000  -0.000  25.000  36.000  1033.048   -0.00000       -0.00000       -0.00000        0.00000    
   2.000 193500. -2216.089  -0.000  -0.000  25.000  36.000  1033.317   -0.00000       -0.00000       -0.00000        0.00000    
   2.000 193500. -2280.158  -0.000  -0.000  25.000  36.000  1033.577   -0.00000       -0.00000       -0.00000        0.00000    
   2.000 193500. -2341.908  -0.000  -0.000  25.000  36.000  1033.827   -0.00000       -0.00000       -0.00000        0.00000    
   2.000 193500. -2401.129  -0.000  -0.000  25.000  36.000  1034.067   -0.00000       -0.00000       -0.00000        0.00000    
   2.000 193500. -2457.609  -0.000  -0.000  25.000  36.000  1034.295   -0.00000       -0.00000       -0.00000        0.00000    
   2.000 193500. -2511.139  -0.000  -0.000  25.000  36.000  1034.511   -0.00000       -0.00000       -0.00000        0.00000    
   2.000 193500. -2561.507  -0.000  -0.000  25.000  36.000  1034.714   -0.00000       -0.00000       -0.00000        0.00000    
   2.000 193500. -2608.502  -0.000  -0.000  25.000  36.000  1034.904   -0.00000       -0.00000       -0.00000        0.00000    
   2.000 193500. -2651.914  -0.000  -0.000  25.000  36.000  1035.078   -0.00000       -0.00000       -0.00000        0.00000    
   2.000 193500. -2691.532  -0.000  -0.000  25.000  36.000  1035.238   -0.00000       -0.00000       -0.00000        0.00000    
   2.000 193500. -2727.146  -0.000  -0.000  25.000  36.000  1035.381   -0.00000       -0.00000       -0.00000        0.00000    
   2.000 193500. -2758.543  -0.000  -0.000  25.000  36.000  1035.507   -0.00000       -0.00000       -0.00000        0.00000    
   2.000 193500. -2785.514  -0.000  -0.000  25.000  36.000  1035.615   -0.00000       -0.00000       -0.00000        0.00000    
   2.000 193500. -2807.848  -0.000  -0.000  25.000  36.000  1035.705   -0.00000       -0.00000       -0.00000        0.00000    
   2.000 193500. -2825.334  -0.000  -0.000  25.000  36.000  1035.775   -0.00000       -0.00000       -0.00000        0.00000    
   2.000 193500. -2838.410  -0.000  -0.000  25.000  36.000  1035.827   -0.00000       -0.00000       -0.00000        0.00000    
   2.000 193500. -2848.841  -0.000  -0.000  25.000  36.000  1035.869   -0.00000       -0.00000       -0.00000        0.00000    
   2.000 193500. -2858.474  -0.000  -0.000  25.000  36.000  1035.907   -0.00000       -0.00000       -0.00000        0.00000    
   2.000 193500. -2867.920  -0.000  -0.000  25.000  36.000  1035.945   -0.00000       -0.00000       -0.00000        0.00000    
   2.000 193500. -2877.161  -0.000  -0.000  25.000  36.000  1035.982   -0.00000       -0.00000       -0.00000        0.00000    
   2.000 193500. -2886.175  -0.000  -0.000  25.000  36.000  1036.018   -0.00000       -0.00000       -0.00000        0.00000    
   2.000 193500. -2894.943  -0.000  -0.000  25.000  36.000  1036.053   -0.00000       -0.00000       -0.00000        0.00000    
   2.000 193500. -2903.446  -0.000  -0.000  25.000  36.000  1036.087   -0.00000       -0.00000       -0.00000        0.00000    
   2.000 193500. -2911.663  -0.000  -0.000  25.000  36.000  1036.120   -0.00000       -0.00000       -0.00000        0.00000    
   2.000 193500. -2919.574  -0.000  -0.000  25.000  36.000  1036.152   -0.00000       -0.00000       -0.00000        0.00000    
   2.000 193500. -2927.160  -0.000  -0.000  25.000  36.000  1036.182   -0.00000       -0.00000       -0.00000        0.00000    
   2.000 193500. -2934.400  -0.000  -0.000  25.000  36.000  1036.211   -0.00000       -0.00000       -0.00000        0.00000    
   2.000 193500. -2941.275  -0.000  -0.000  25.000  36.000  1036.239   -0.00000       -0.00000       -0.00000        0.00000    
   2.000 193500. -2947.764  -0.000  -0.000  25.000  36.000  1036.265   -0.00000       -0.00000       -0.00000        0.00000    
   2.000 193500. -2953.849  -0.000  -0.000  25.000  36.000  1036.289   -0.00000       -0.00000       -0.00000        0.00000    
   2.000 193500. -2959.508  -0.000  -0.000  25.000  36.000  1036.312   -0.00000       -0.00000       -0.00000        0.00000    
   2.000 193500. -2964.723  -0.000  -0.000  25.000  36.000  1036.333   -0.00000       -0.00000       -0.00000        0.00000    
   2.000 193500. -2969.472  -0.000  -0.000  25.000  36.000  1036.351   -0.00000       -0.00000       -0.00000        0.00000    
   2.000 193500. -2973.737  -0.000  -0.000  25.000  36.000  1036.369   -0.00000       -0.00000       -0.00000        0.00000    
   2.000 193500. -2977.497  -0.000  -0.000  25.000  36.000  1036.384   -0.00000       -0.00000       -0.00000        0.00000    
   2.000 193500. -2980.732  -0.000  -0.000  25.000  36.000  1036.396   -0.00000       -0.00000       -0.00000        0.00000    
   2.000 193500. -2983.423  -0.000  -0.000  25.000  36.000  1036.407   -0.00000       -0.00000       -0.00000        0.00000    
   2.000 193500. -2985.550  -0.000  -0.000  25.000  36.000  1036.416   -0.00000        0.00000       -0.00000        0.00000    
   2.000 193500. -2987.092  -0.000  -0.000  25.000  36.000  1036.422   -0.00000       -0.00000       -0.00000        0.00000    
   2.000 193500. -2988.030  -0.000  -0.000  25.000  36.000  1036.426   -0.00000        0.00000       -0.00000        0.00000    
   2.000 193500. -2988.660  -0.000   0.000  24.625  35.975  1030.713   -0.00000        0.00000       -0.00000        0.00000    
   2.000 206500.    -0.474   0.000   0.000  25.000  36.000  1024.101   -0.00000        0.00000       -0.00000        0.00000    
   2.000 206500.    -1.409   0.000   0.000  25.000  36.000  1024.105   -0.00000        0.00000       -0.00000        0.00000    
   2.000 206500.    -2.947   0.000   0.000  25.000  36.000  1024.112   -0.00000        0.00000       -0.00000        0.00000    
   2.000 206500.    -5.068   0.000   0.000  25.000  36.000  1024.121   -0.00000        0.00000       -0.00000        0.00000    
   2.000 206500.    -7.752   0.000   0.000  25.000  36.000  1024.132   -0.00000        0.00000       -0.00000        0.00000    
   2.000 206500.   -10.979   0.000   0.000  25.000  36.000  1024.146   -0.00000        0.00000       -0.00000        0.00000    
   2.000 206500.   -14.730   0.000   0.000  25.000  36.000  1024.162   -0.00000        0.00000       -0.00000        0.00000    
   2.000 206500.   -18.984   0.000   0.000  25.000  36.000  1024.180   -0.00000        0.00000       -0.00000        0.00000    
   2.000 206500.   -23.721   0.000   0.000  25.000  36.000  1024.200   -0.00000        0.00000       -0.00000        0.00000    
   2.000 206500.   -28.922   0.000   0.000  25.000  36.000  1024.222   -0.00000        0.00000       -0.00000        0.00000    
   2.000 206500.   -34.567   0.000   0.000  25.000  36.000  1024.246   -0.00000        0.00000       -0.00000        0.00000    
   2.000 206500.   -40.636   0.000   0.000  25.000  36.000  1024.272   -0.00000        0.00000       -0.00000        0.00000    
   2.000 206500.   -47.110   0.000   0.000  25.000  36.000  1024.300   -0.00000        0.00000       -0.00000        0.00000    
   2.000 206500.   -53.967   0.000   0.000  25.000  36.000  1024.329   -0.00000        0.00000       -0.00000        0.00000    
   2.000 206500.   -61.189   0.000   0.000  25.000  36.000  1024.360   -0.00000        0.00000       -0.00000        0.00000    
   2.000 206500.   -68.755   0.000   0.000  25.000  36.000  1024.392   -0.00000        0.00000       -0.00000        0.00000    
   2.000 206500.   -76.646   0.000   0.000  25.000  36.000  1024.425   -0.00000        0.00000       -0.00000        0.00000    
   2.000 206500.   -84.842   0.000   0.000  25.000  36.000  1024.460   -0.00000        0.00000       -0.00000        0.00000    
   2.000 206500.   -93.323   0.000   0.000  25.000  36.000  1024.496   -0.00000        0.00000       -0.00000        0.00000    
   2.000 206500.  -102.069   0.000   0.000  25.000  36.000  1024.533   -0.00000        0.00000       -0.00000        0.00000    
   2.000 206500.  -111.061   0.000   0.000  25.000  36.000  1024.572   -0.00000        0.00000       -0.00000        0.00000    
   2.000 206500.  -120.278   0.000   0.000  25.000  36.000  1024.611   -0.00000        0.00000       -0.00000        0.00000    
   2.000 206500.  -129.700   0.000   0.000  25.000  36.000  1024.651   -0.00000        0.00000       -0.00000        0.00000    
   2.000 206500.  -139.308   0.000   0.000  25.000  36.000  1024.692   -0.00000        0.00000       -0.00000        0.00000    
   2.000 206500.  -149.713   0.000   0.000  25.000  36.000  1024.736   -0.00000        0.00000       -0.00000        0.00000    
   2.000 206500.  -162.755   0.000   0.000  25.000  36.000  1024.791   -0.00000        0.00000       -0.00000        0.00000    
   2.000 206500.  -180.197   0.000   0.000  25.000  36.000  1024.865   -0.00000        0.00000       -0.00000        0.00000    
   2.000 206500.  -202.474   0.000   0.000  25.000  36.000  1024.960   -0.00000        0.00000       -0.00000        0.00000    
   2.000 206500.  -229.377   0.000   0.000  25.000  36.000  1025.074   -0.00000        0.00000       -0.00000        0.00000    
   2.000 206500.  -260.695   0.000   0.000  25.000  36.000  1025.206   -0.00000        0.00000       -0.00000        0.00000    
   2.000 206500.  -296.218   0.000   0.000  25.000  36.000  1025.357   -0.00000        0.00000       -0.00000        0.00000    
   2.000 206500.  -335.735   0.000   0.000  25.000  36.000  1025.524   -0.00000        0.00000       -0.00000        0.00000    
   2.000 206500.  -379.037   0.000   0.000  25.000  36.000  1025.707   -0.00000        0.00000       -0.00000        0.00000    
   2.000 206500.  -425.913   0.000   0.000  25.000  36.000  1025.905   -0.00000        0.00000       -0.00000        0.00000    
   2.000 206500.  -476.153   0.000   0.000  25.000  36.000  1026.117   -0.00000        0.00000       -0.00000        0.00000    
   2.000 206500.  -529.547   0.000   0.000  25.000  36.000  1026.342   -0.00000        0.00000       -0.00000        0.00000    
   2.000 206500.  -585.884   0.000   0.000  25.000  36.000  1026.579   -0.00000        0.00000       -0.00000        0.00000    
   2.000 206500.  -644.954   0.000   0.000  25.000  36.000  1026.827   -0.00000        0.00000       -0.00000        0.00000    
   2.000 206500.  -706.547   0.000   0.000  25.000  36.000  1027.086   -0.00000        0.00000       -0.00000        0.00000    
   2.000 206500.  -770.453   0.000   0.000  25.000  36.000  1027.354   -0.00000        0.00000       -0.00000        0.00000    
   2.000 206500.  -836.461   0.000   0.000  25.000  36.000  1027.630   -0.00000        0.00000       -0.00000        0.00000    
   2.000 206500.  -904.362   0.000   0.000  25.000  36.000  1027.914   -0.00000        0.00000       -0.00000        0.00000    
   2.000 206500.  -973.945   0.000   0.000  25.000  36.000  1028.204   -0.00000        0.00000       -0.00000        0.00000    
   2.000 206500. -1044.999   0.000   0.000  25.000  36.000  1028.501   -0.00000        0.00000       -0.00000        0.00000    
   2.000 206500. -1117.315   0.000   0.000  25.000  36.000  1028.802   -0.00000        0.00000       -0.00000        0.00000    
   2.000 206500. -1190.682   0.000   0.000  25.000  36.000  1029.106   -0.00000        0.00000       -0.00000        0.00000    
   2.000 206500. -1264.890   0.000   0.000  25.000  36.000  1029.414   -0.00000        0.00000       -0.00000        0.00000    
   2.000 206500. -1339.728   0.000   0.000  25.000  36.000  1029.724   -0.00000        0.00000       -0.00000        0.00000    
   2.000 206500. -1414.987   0.000   0.000  25.000  36.000  1030.035   -0.00000        0.00000       -0.00000        0.00000    
   2.000 206500. -1490.457   0.000  -0.000  25.000  36.000  1030.347   -0.00000       -0.00000       -0.00000        0.00000    
   2.000 206500. -1565.926   0.000  -0.000  25.000  36.000  1030.658   -0.00000       -0.00000       -0.00000        0.00000    
   2.000 206500. -1641.185  -0.000  -0.000  25.000  36.000  1030.968   -0.00000       -0.00000       -0.00000        0.00000    
   2.000 206500. -1716.024  -0.000  -0.000  25.000  36.000  1031.275   -0.00000       -0.00000       -0.00000        0.00000    
   2.000 206500. -1790.232  -0.000  -0.000  25.000  36.000  1031.579   -0.00000       -0.00000       -0.00000        0.00000    
   2.000 206500. -1863.599  -0.000  -0.000  25.000  36.000  1031.880   -0.00000       -0.00000       -0.00000        0.00000    
   2.000 206500. -1935.915  -0.000  -0.000  25.000  36.000  1032.176   -0.00000       -0.00000       -0.00000        0.00000    
   2.000 206500. -2006.969  -0.000  -0.000  25.000  36.000  1032.466   -0.00000       -0.00000       -0.00000        0.00000    
   2.000 206500. -2076.552  -0.000  -0.000  25.000  36.000  1032.749   -0.00000       -0.00000       -0.00000        0.00000    
   2.000 206500. -2144.452  -0.000  -0.000  25.000  36.000  1033.026   -0.00000       -0.00000       -0.00000        0.00000    
   2.000 206500. -2210.461  -0.000  -0.000  25.000  36.000  1033.294   -0.00000       -0.00000       -0.00000        0.00000    
   2.000 206500. -2274.367  -0.000  -0.000  25.000  36.000  1033.553   -0.00000       -0.00000       -0.00000        0.00000    
   2.000 206500. -2335.960  -0.000  -0.000  25.000  36.000  1033.803   -0.00000       -0.00000       -0.00000        0.00000    
   2.000 206500. -2395.030  -0.000  -0.000  25.000  36.000  1034.042   -0.00000       -0.00000       -0.00000        0.00000    
   2.000 206500. -2451.367  -0.000  -0.000  25.000  36.000  1034.270   -0.00000       -0.00000       -0.00000        0.00000    
   2.000 206500. -2504.761  -0.000  -0.000  25.000  36.000  1034.485   -0.00000       -0.00000       -0.00000        0.00000    
   2.000 206500. -2555.001  -0.000  -0.000  25.000  36.000  1034.688   -0.00000       -0.00000       -0.00000        0.00000    
   2.000 206500. -2601.877  -0.000  -0.000  25.000  36.000  1034.877   -0.00000       -0.00000       -0.00000        0.00000    
   2.000 206500. -2645.179  -0.000  -0.000  25.000  36.000  1035.051   -0.00000       -0.00000       -0.00000        0.00000    
   2.000 206500. -2684.696  -0.000  -0.000  25.000  36.000  1035.210   -0.00000       -0.00000       -0.00000        0.00000    
   2.000 206500. -2720.219  -0.000  -0.000  25.000  36.000  1035.353   -0.00000       -0.00000       -0.00000        0.00000    
   2.000 206500. -2751.537  -0.000  -0.000  25.000  36.000  1035.479   -0.00000       -0.00000       -0.00000        0.00000    
   2.000 206500. -2778.439  -0.000  -0.000  25.000  36.000  1035.587   -0.00000       -0.00000       -0.00000        0.00000    
   2.000 206500. -2800.717  -0.000  -0.000  25.000  36.000  1035.676   -0.00000       -0.00000       -0.00000        0.00000    
   2.000 206500. -2818.158  -0.000  -0.000  25.000  36.000  1035.746   -0.00000       -0.00000       -0.00000        0.00000    
   2.000 206500. -2831.201  -0.000  -0.000  25.000  36.000  1035.798   -0.00000       -0.00000       -0.00000        0.00000    
   2.000 206500. -2841.606  -0.000  -0.000  25.000  36.000  1035.840   -0.00000       -0.00000       -0.00000        0.00000    
   2.000 206500. -2851.214  -0.000  -0.000  25.000  36.000  1035.878   -0.00000       -0.00000       -0.00000        0.00000    
   2.000 206500. -2860.636  -0.000  -0.000  25.000  36.000  1035.916   -0.00000       -0.00000       -0.00000        0.00000    
   2.000 206500. -2869.853  -0.000  -0.000  25.000  36.000  1035.953   -0.00000       -0.00000       -0.00000        0.00000    
   2.000 206500. -2878.844  -0.000  -0.000  25.000  36.000  1035.989   -0.00000       -0.00000       -0.00000        0.00000    
   2.000 206500. -2887.590  -0.000  -0.000  25.000  36.000  1036.024   -0.00000       -0.00000       -0.00000        0.00000    
   2.000 206500. -2896.071  -0.000  -0.000  25.000  36.000  1036.058   -0.00000       -0.00000       -0.00000        0.00000    
   2.000 206500. -2904.267  -0.000  -0.000  25.000  36.000  1036.091   -0.00000       -0.00000       -0.00000        0.00000    
   2.000 206500. -2912.159  -0.000  -0.000  25.000  36.000  1036.122   -0.00000       -0.00000       -0.00000        0.00000    
   2.000 206500. -2919.725  -0.000  -0.000  25.000  36.000  1036.153   -0.00000       -0.00000       -0.00000        0.00000    
   2.000 206500. -2926.947  -0.000  -0.000  25.000  36.000  1036.181   -0.00000       -0.00000       -0.00000        0.00000    
   2.000 206500. -2933.804  -0.000  -0.000  25.000  36.000  1036.209   -0.00000       -0.00000       -0.00000        0.00000    
   2.000 206500. -2940.277  -0.000  -0.000  25.000  36.000  1036.235   -0.00000       -0.00000       -0.00000        0.00000    
   2.000 206500. -2946.346  -0.000  -0.000  25.000  36.000  1036.259   -0.00000       -0.00000       -0.00000        0.00000    
   2.000 206500. -2951.991  -0.000  -0.000  25.000  36.000  1036.282   -0.00000       -0.00000       -0.00000        0.00000    
   2.000 206500. -2957.192  -0.000  -0.000  25.000  36.000  1036.302   -0.00000       -0.00000       -0.00000        0.00000    
   2.000 206500. -2961.930  -0.000  -0.000  25.000  36.000  1036.321   -0.00000       -0.00000       -0.00000        0.00000    
   2.000 206500. -2966.184  -0.000  -0.000  25.000  36.000  1036.338   -0.00000       -0.00000       -0.00000        0.00000    
   2.000 206500. -2969.934  -0.000  -0.000  25.000  36.000  1036.353   -0.00000       -0.00000       -0.00000        0.00000    
   2.000 206500. -2973.161  -0.000  -0.000  25.000  36.000  1036.366   -0.00000       -0.00000       -0.00000        0.00000    
   2.000 206500. -2975.845  -0.000  -0.000  25.000  36.000  1036.377   -0.00000       -0.00000       -0.00000        0.00000    
   2.000 206500. -2977.966  -0.000  -0.000  25.000  36.000  1036.385   -0.00000        0.00000       -0.00000        0.00000    
   2.000 206500. -2979.505  -0.000  -0.000  25.000  36.000  1036.392   -0.00000       -0.00000       -0.00000        0.00000    
   2.000 206500. -2980.440  -0.000  -0.000  25.000  36.000  1036.395   -0.00000        0.00000       -0.00000        0.00000    
   2.000 206500. -2981.069  -0.000   0.000  24.625  35.975  1030.698   -0.00000        0.00000       -0.00000        0.00000    
